    RemoveBuildingForPlayer(playerid, 4917, 1145.9531, -2037.0000, 65.5156, 0.25);
	RemoveBuildingForPlayer(playerid, 691, 1144.0781, -2076.3750, 68.1016, 0.25);
	RemoveBuildingForPlayer(playerid, 661, 1159.9766, -2075.1563, 67.1484, 0.25);
	RemoveBuildingForPlayer(playerid, 618, 1155.3672, -2072.5547, 67.8594, 0.25);
	RemoveBuildingForPlayer(playerid, 691, 1175.6094, -2079.4688, 67.7969, 0.25);
	RemoveBuildingForPlayer(playerid, 4825, 1145.9531, -2037.0000, 65.5156, 0.25);
	RemoveBuildingForPlayer(playerid, 762, 1189.7734, -2078.3672, 70.7422, 0.25);
	RemoveBuildingForPlayer(playerid, 661, 1197.8516, -2074.6172, 67.5313, 0.25);
	RemoveBuildingForPlayer(playerid, 4986, 1179.1406, -2036.9922, 65.7266, 0.25);
	RemoveBuildingForPlayer(playerid, 661, 1270.8984, -2000.6563, 57.0469, 0.25);
	RemoveBuildingForPlayer(playerid, 618, 1279.4141, -1998.4766, 56.8125, 0.25);
	RemoveBuildingForPlayer(playerid, 691, 1260.0781, -1995.7813, 55.4609, 0.25);
	RemoveBuildingForPlayer(playerid, 691, 1291.0469, -2007.0703, 54.8828, 0.25);
	RemoveBuildingForPlayer(playerid, 4824, 1224.4297, -2037.0078, 62.9297, 0.25);
	RemoveBuildingForPlayer(playerid, 1280, 1136.8984, -2061.3047, 68.3750, 0.25);
	RemoveBuildingForPlayer(playerid, 1280, 1136.8984, -2046.4844, 68.3750, 0.25);
	RemoveBuildingForPlayer(playerid, 1280, 1159.4375, -2039.8047, 68.3750, 0.25);
	RemoveBuildingForPlayer(playerid, 1280, 1136.8984, -2025.7188, 68.3750, 0.25);
	RemoveBuildingForPlayer(playerid, 1280, 1211.2344, -2052.9922, 68.2656, 0.25);
	RemoveBuildingForPlayer(playerid, 1280, 1187.2500, -2034.0469, 68.3750, 0.25);
	RemoveBuildingForPlayer(playerid, 1280, 1211.2344, -2019.6797, 68.3516, 0.25);
    RemoveBuildingForPlayer(playerid, 1280, 1136.8984, -2012.6875, 68.3750, 0.25);
    RemoveBuildingForPlayer(playerid, 1280, 1204.4922, -2039.8047, 68.3750, 0.25);








	new zgrada = CreateDynamicObjectEx(4825, 1145.97900, -2036.99683, 65.51530,   0.00000, 0.00000, 0.00000, 600.0, 600.0);
    SetDynamicObjectMaterial(zgrada, 3, 8399, "vgs_shops", "vgsclubwall05_128", 0xFFFFFFFF);
    SetDynamicObjectMaterial(zgrada, 2, 8399, "vgs_shops", "vgsclubwall05_128", 0xFFFFFFFF);
    
    new dvoriste = CreateDynamicObjectEx(4824, 1224.43152, -2037.00708, 62.93010,   0.00000, 0.00000, 0.00000, 600.0, 600.0);
    SetDynamicObjectMaterial(dvoriste, 0, 3603, "bevmans01_la", "sjmlahus21", 0xFFFFFFFF);





	new ograda[51];
	ograda[0] = CreateDynamicObjectEx(970, 1249.33667, -2045.75073, 59.44240,   0.00000, 2.00000, 0.00000, 600.0, 600.0);
	ograda[1] = CreateDynamicObjectEx(970, 1242.83984, -2038.55640, 59.60260,   0.00000, 0.00000, 90.00000, 600.0, 600.0);
	ograda[2] = CreateDynamicObjectEx(970, 1242.78308, -2027.93640, 59.60260,   0.00000, 0.00000, 90.00000, 600.0, 600.0);
	ograda[3] = CreateDynamicObjectEx(970, 1242.79785, -2016.17542, 59.60260,   0.00000, 0.00000, 90.00000, 600.0, 600.0);
	ograda[4] = CreateDynamicObjectEx(970, 1248.78613, -2007.22327, 59.47040,   0.00000, 2.00000, 0.00000, 600.0, 600.0);
	ograda[5] = CreateDynamicObjectEx(970, 1258.78149, -2007.22070, 59.19040,   0.00000, 2.00000, 0.00000, 600.0, 600.0);
	ograda[6] = CreateDynamicObjectEx(970, 1271.04590, -2007.17188, 58.82640,   0.00000, 2.00000, 0.00000, 600.0, 600.0);
	ograda[7] = CreateDynamicObjectEx(970, 1279.75110, -2015.20313, 58.59620,   0.00000, 0.00000, 90.00000, 600.0, 600.0);
	ograda[8] = CreateDynamicObjectEx(970, 1279.75061, -2028.04321, 58.65220,   0.00000, 0.00000, 90.00000, 600.0, 600.0);
	ograda[9] = CreateDynamicObjectEx(970, 1279.86743, -2040.13416, 58.65220,   0.00000, 0.00000, 90.00000, 600.0, 600.0);
	ograda[10] = CreateDynamicObjectEx(970, 1187.56555, -2040.39600, 68.48040,   0.00000, 0.00000, 0.00000, 600.0, 600.0);
	ograda[11] = CreateDynamicObjectEx(970, 1197.67969, -2040.37793, 68.48040,   0.00000, 0.00000, 0.00000, 600.0, 600.0);
	ograda[12] = CreateDynamicObjectEx(970, 1208.59790, -2040.37646, 68.48040,   0.00000, 0.00000, 0.00000, 600.0, 600.0);
	ograda[13] = CreateDynamicObjectEx(970, 1197.86047, -2033.56067, 68.48040,   0.00000, 0.00000, 0.00000, 600.0, 600.0);
	ograda[14] = CreateDynamicObjectEx(970, 1208.54443, -2033.56104, 68.48040,   0.00000, 0.00000, 0.00000, 600.0, 600.0);
	ograda[15] = CreateDynamicObjectEx(970, 1179.84290, -2057.34375, 68.48040,   0.00000, 0.00000, 90.00000, 600.0, 600.0);
	ograda[16] = CreateDynamicObjectEx(970, 1181.97522, -2066.54834, 68.48040,   0.00000, 0.00000, 0.00000, 600.0, 600.0);
	ograda[17] = CreateDynamicObjectEx(970, 1195.54504, -2066.54370, 68.48040,   0.00000, 0.00000, 0.00000, 600.0, 600.0);
	ograda[18] = CreateDynamicObjectEx(970, 1208.61780, -2066.61475, 68.48040,   0.00000, 0.00000, 0.00000, 600.0, 600.0);
	ograda[19] = CreateDynamicObjectEx(970, 1170.15662, -2056.31152, 68.48040,   0.00000, 0.00000, 90.00000, 600.0, 600.0);
	ograda[20] = CreateDynamicObjectEx(970, 1167.77930, -2066.63843, 68.48040,   0.00000, 0.00000, 0.00000, 600.0, 600.0);
	ograda[21] = CreateDynamicObjectEx(970, 1152.91333, -2066.55420, 68.48040,   0.00000, 0.00000, 0.00000, 600.0, 600.0);
	ograda[22] = CreateDynamicObjectEx(970, 1187.47815, -2033.54639, 68.48040,   0.00000, 0.00000, 0.00000, 600.0, 600.0);
	ograda[23] = CreateDynamicObjectEx(970, 1139.27795, -2066.57324, 68.48040,   0.00000, 0.00000, 0.00000, 600.0, 600.0);
	ograda[24] = CreateDynamicObjectEx(970, 1137.27661, -2054.12402, 68.48040,   0.00000, 0.00000, 90.00000, 600.0, 600.0);
	ograda[25] = CreateDynamicObjectEx(970, 1139.38696, -2040.41650, 68.48040,   0.00000, 0.00000, 0.00000, 600.0, 600.0);
	ograda[26] = CreateDynamicObjectEx(970, 1151.66772, -2040.37500, 68.48040,   0.00000, 0.00000, 0.00000, 600.0, 600.0);
	ograda[27] = CreateDynamicObjectEx(970, 1151.46265, -2033.59814, 68.48040,   0.00000, 0.00000, 0.00000, 600.0, 600.0);
	ograda[28] = CreateDynamicObjectEx(970, 1139.42285, -2033.59424, 68.48040,   0.00000, 0.00000, 0.00000, 600.0, 600.0);
	ograda[29] = CreateDynamicObjectEx(970, 1137.21680, -2019.75012, 68.48040,   0.00000, 0.00000, 90.00000, 600.0, 600.0);
	ograda[30] = CreateDynamicObjectEx(970, 1139.23291, -2007.34521, 68.48040,   0.00000, 0.00000, 0.00000, 600.0, 600.0);
	ograda[31] = CreateDynamicObjectEx(970, 1151.37585, -2007.40356, 68.48040,   0.00000, 0.00000, 0.00000, 600.0, 600.0);
	ograda[32] = CreateDynamicObjectEx(970, 1167.98633, -2007.40002, 68.48040,   0.00000, 0.00000, 0.00000, 600.0, 600.0);
	ograda[33] = CreateDynamicObjectEx(970, 1170.14038, -2019.63940, 68.48040,   0.00000, 0.00000, 90.00000, 600.0, 600.0);
	ograda[34] = CreateDynamicObjectEx(970, 1208.64111, -2007.36963, 68.48040,   0.00000, 0.00000, 0.00000, 600.0, 600.0);
	ograda[35] = CreateDynamicObjectEx(970, 1197.23584, -2007.39404, 68.48040,   0.00000, 0.00000, 0.00000, 600.0, 600.0);
	ograda[36] = CreateDynamicObjectEx(970, 1181.93176, -2007.28955, 68.48040,   0.00000, 0.00000, 0.00000, 600.0, 600.0);
	ograda[37] = CreateDynamicObjectEx(970, 1208.35364, -2002.99438, 68.48040,   0.00000, 0.00000, 0.00000, 600.0, 600.0);
	ograda[38] = CreateDynamicObjectEx(970, 1196.99475, -2003.01770, 68.48040,   0.00000, 0.00000, 0.00000, 600.0, 600.0);
	ograda[39] = CreateDynamicObjectEx(970, 1181.48010, -2003.11206, 68.48040,   0.00000, 0.00000, 0.00000, 600.0, 600.0);
	ograda[40] = CreateDynamicObjectEx(970, 1167.41235, -2003.08813, 68.48040,   0.00000, 0.00000, 0.00000, 600.0, 600.0);
	ograda[41] = CreateDynamicObjectEx(970, 1151.44312, -2003.06006, 68.48040,   0.00000, 0.00000, 0.00000, 600.0, 600.0);
	ograda[42] = CreateDynamicObjectEx(970, 1139.26062, -2003.06543, 68.48040,   0.00000, 0.00000, 0.00000, 600.0, 600.0);
	ograda[43] = CreateDynamicObjectEx(970, 1179.69128, -2019.01282, 68.48040,   0.00000, 0.00000, 90.00000, 600.0, 600.0);
	ograda[44] = CreateDynamicObjectEx(970, 1130.95203, -2054.41650, 68.48040,   0.00000, 0.00000, 90.00000, 600.0, 600.0);
	ograda[45] = CreateDynamicObjectEx(970, 1130.95203, -2054.41650, 68.48040,   0.00000, 0.00000, 90.00000, 600.0, 600.0);
	ograda[46] = CreateDynamicObjectEx(970, 1131.04285, -2019.45593, 68.48040,   0.00000, 0.00000, 90.00000, 600.0, 600.0);
	ograda[47] = CreateDynamicObjectEx(970, 1195.84680, -2070.94995, 68.48040,   0.00000, 0.00000, 0.00000, 600.0, 600.0);
	ograda[48] = CreateDynamicObjectEx(970, 1181.79382, -2070.91138, 68.48040,   0.00000, 0.00000, 0.00000, 600.0, 600.0);
	ograda[49] = CreateDynamicObjectEx(970, 1152.67310, -2070.88818, 68.48040,   0.00000, 0.00000, 0.00000, 600.0, 600.0);
	ograda[50] = CreateDynamicObjectEx(970, 1139.24451, -2070.89063, 68.48040,   0.00000, 0.00000, 0.00000, 600.0, 600.0);
	for(new i = 0; i < sizeof(ograda); i++)
	{
		SetDynamicObjectMaterial(ograda[i], 0, 12959, "sw_library", "sjmornfnce", 0xFFFFFFFF);
	}
	
	new zbunje[24];
	zbunje[0] = CreateDynamicObjectEx(18762, 1198.91101, -2021.31641, 70.45720,   0.00000, 0.00000, 0.00000, 600.0, 600.0);
	zbunje[1] = CreateDynamicObjectEx(18762, 1194.06836, -2020.54248, 68.49097,   0.00000, 0.00000, 0.00000, 600.0, 600.0);
	zbunje[2] = CreateDynamicObjectEx(18762, 1197.54810, -2019.29565, 67.44908,   0.00000, 0.00000, 0.00000, 600.0, 600.0);
	zbunje[3] = CreateDynamicObjectEx(18762, 1194.48462, -2023.84717, 69.42542,   0.00000, 0.00000, 0.00000, 600.0, 600.0);
	zbunje[4] = CreateDynamicObjectEx(18762, 1197.66516, -2024.28516, 69.63107,   0.00000, 0.00000, 0.00000, 600.0, 600.0);
	zbunje[5] = CreateDynamicObjectEx(18762, 1196.54407, -2021.79272, 66.60833,   0.00000, 0.00000, 0.00000, 600.0, 600.0);
	zbunje[6] = CreateDynamicObjectEx(18762, 1200.23242, -2052.18359, 70.45720,   0.00000, 0.00000, 0.00000, 600.0, 600.0);
	zbunje[7] = CreateDynamicObjectEx(18762, 1198.33472, -2055.48071, 69.63107,   0.00000, 0.00000, 0.00000, 600.0, 600.0);
	zbunje[8] = CreateDynamicObjectEx(18762, 1195.48242, -2054.12695, 69.42542,   0.00000, 0.00000, 0.00000, 600.0, 600.0);
	zbunje[9] = CreateDynamicObjectEx(18762, 1197.76477, -2052.25562, 66.60833,   0.00000, 0.00000, 0.00000, 600.0, 600.0);
	zbunje[10] = CreateDynamicObjectEx(18762, 1195.39771, -2050.74268, 68.49097,   0.00000, 0.00000, 0.00000, 600.0, 600.0);
	zbunje[11] = CreateDynamicObjectEx(18762, 1198.91211, -2049.13037, 67.44908,   0.00000, 0.00000, 0.00000, 600.0, 600.0);
	zbunje[12] = CreateDynamicObjectEx(18762, 1153.51929, -2017.54773, 67.44908,   0.00000, 0.00000, 0.00000, 600.0, 600.0);
	zbunje[13] = CreateDynamicObjectEx(18762, 1155.90210, -2019.79834, 70.45720,   0.00000, 0.00000, 0.00000, 600.0, 600.0);
	zbunje[14] = CreateDynamicObjectEx(18762, 1150.69751, -2019.22168, 68.49097,   0.00000, 0.00000, 0.00000, 600.0, 600.0);
	zbunje[15] = CreateDynamicObjectEx(18762, 1153.76184, -2023.03882, 69.63107,   0.00000, 0.00000, 0.00000, 600.0, 600.0);
	zbunje[16] = CreateDynamicObjectEx(18762, 1150.79639, -2022.62646, 69.42542,   0.00000, 0.00000, 0.00000, 600.0, 600.0);
	zbunje[17] = CreateDynamicObjectEx(18762, 1153.56970, -2020.63635, 66.60833,   0.00000, 0.00000, 0.00000, 600.0, 600.0);
	zbunje[18] = CreateDynamicObjectEx(18762, 1155.94250, -2054.03003, 70.45720,   0.00000, 0.00000, 0.00000, 600.0, 600.0);
	zbunje[19] = CreateDynamicObjectEx(18762, 1153.95093, -2057.22192, 69.63107,   0.00000, 0.00000, 0.00000, 600.0, 600.0);
	zbunje[20] = CreateDynamicObjectEx(18762, 1153.12793, -2050.94971, 67.44908,   0.00000, 0.00000, 0.00000, 600.0, 600.0);
	zbunje[21] = CreateDynamicObjectEx(18762, 1151.00269, -2056.94946, 69.42542,   0.00000, 0.00000, 0.00000, 600.0, 600.0);
	zbunje[22] = CreateDynamicObjectEx(18762, 1150.41931, -2052.47241, 68.49097,   0.00000, 0.00000, 0.00000, 600.0, 600.0);
	zbunje[23] = CreateDynamicObjectEx(18762, 1153.29968, -2054.84497, 66.60833,   0.00000, 0.00000, 0.00000, 600.0, 600.0);
	for(new i = 0; i < sizeof(zbunje); i++)
	{
		  SetDynamicObjectMaterial(zbunje[i], 0, 13681, "lahillshilhs1e", "veg_hedge1_256", 0xFFFFFFFF);
	}
	
	new pregrada[34];
	pregrada[0] = CreateDynamicObjectEx(18981, 1251.19031, -2002.16626, 53.50335,   0.00000, 0.00000, 90.00000, 600.0, 600.0);
	pregrada[1] = CreateDynamicObjectEx(18981, 1271.79211, -2002.24194, 53.52180,   0.00000, 0.00000, 90.00000, 600.0, 600.0);
	pregrada[2] = CreateDynamicObjectEx(18981, 1284.24072, -2015.33289, 53.44088,   0.00000, 0.00000, 180.00000, 600.0, 600.0);
	pregrada[3] = CreateDynamicObjectEx(18981, 1284.24133, -2034.22668, 53.41290,   0.00000, 0.00000, 180.00000, 600.0, 600.0);
	pregrada[4] = CreateDynamicObjectEx(18981, 1272.37952, -2065.44165, 53.10444,   0.00000, 0.00000, 88.00000, 600.0, 600.0);
	pregrada[5] = CreateDynamicObjectEx(18981, 1254.96729, -2064.80273, 53.20241,   0.00000, 0.00000, 88.00000, 600.0, 600.0);
	pregrada[6] = CreateDynamicObjectEx(18981, 1224.53955, -2002.16736, 57.53676,   18.00000, 0.00000, 90.00000, 600.0, 600.0);
	pregrada[7] = CreateDynamicObjectEx(18981, 1204.38367, -2002.14087, 60.76659,   0.00000, 0.00000, 90.00000, 600.0, 600.0);
	pregrada[8] = CreateDynamicObjectEx(18981, 1179.49963, -2002.13721, 60.76659,   0.00000, 0.00000, 90.00000, 600.0, 600.0);
	pregrada[9] = CreateDynamicObjectEx(18981, 1154.80359, -2002.12854, 60.76659,   0.00000, 0.00000, 90.00000, 600.0, 600.0);
	pregrada[10] = CreateDynamicObjectEx(18981, 1150.03345, -2002.08838, 60.76659,   0.00000, 0.00000, 90.00000, 600.0, 600.0);
	pregrada[11] = CreateDynamicObjectEx(18766, 1138.02979, -1999.14709, 68.27395,   0.00000, 90.00000, 90.00000, 600.0, 600.0);
	pregrada[12] = CreateDynamicObjectEx(18766, 1137.99292, -1995.38110, 68.27395,   0.00000, 90.00000, 90.00000, 600.0, 600.0);
	pregrada[13] = CreateDynamicObjectEx(18981, 1125.90466, -1993.36450, 60.76659,   0.00000, 0.00000, 90.00000, 600.0, 600.0);
	pregrada[14] = CreateDynamicObjectEx(18981, 1116.24951, -1993.34155, 60.76659,   0.00000, 0.00000, 90.00000, 600.0, 600.0);
	pregrada[15] = CreateDynamicObjectEx(18981, 1104.21179, -2006.08606, 60.76660,   0.00000, 0.00000, 180.00000, 600.0, 600.0);
	pregrada[16] = CreateDynamicObjectEx(18981, 1104.18530, -2011.95410, 60.76660,   0.00000, 0.00000, 180.00000, 600.0, 600.0);
	pregrada[17] = CreateDynamicObjectEx(18766, 1101.46533, -2023.92725, 68.27390,   0.00000, 90.00000, 180.00000, 600.0, 600.0);
	pregrada[18] = CreateDynamicObjectEx(18766, 1098.46497, -2023.91016, 68.27390,   0.00000, 90.00000, 180.00000, 600.0, 600.0);
	pregrada[19] = CreateDynamicObjectEx(18981, 1104.09985, -2062.35229, 60.76660,   0.00000, 0.00000, 180.00000, 600.0, 600.0);
	pregrada[20] = CreateDynamicObjectEx(18981, 1104.06689, -2068.23950, 60.76660,   0.00000, 0.00000, 180.00000, 600.0, 600.0);
	pregrada[21] = CreateDynamicObjectEx(18981, 1116.62231, -2080.20825, 60.76659,   0.00000, 0.00000, 90.00000, 600.0, 600.0);
	pregrada[22] = CreateDynamicObjectEx(18981, 1141.53052, -2080.23633, 60.76659,   0.00000, 0.00000, 90.00000, 600.0, 600.0);
	pregrada[23] = CreateDynamicObjectEx(18981, 1166.23108, -2080.18652, 60.76659,   0.00000, 0.00000, 90.00000, 600.0, 600.0);
	pregrada[24] = CreateDynamicObjectEx(18981, 1191.17114, -2080.17334, 60.76659,   0.00000, 0.00000, 90.00000, 600.0, 600.0);
	pregrada[25] = CreateDynamicObjectEx(18981, 1197.45422, -2080.20874, 60.76659,   0.00000, 0.00000, 90.00000, 600.0, 600.0);
	pregrada[26] = CreateDynamicObjectEx(18766, 1209.48242, -2077.33960, 68.27395,   0.00000, 90.00000, 90.00000, 600.0, 600.0);
	pregrada[27] = CreateDynamicObjectEx(18766, 1209.47815, -2073.66235, 68.27395,   0.00000, 90.00000, 90.00000, 600.0, 600.0);
	pregrada[28] = CreateDynamicObjectEx(18766, 1242.96094, -2067.09912, 60.64630,   0.00000, 90.00000, 90.00000, 600.0, 600.0);
	pregrada[29] = CreateDynamicObjectEx(18766, 1242.91016, -2069.64233, 60.64630,   0.00000, 90.00000, 90.00000, 600.0, 600.0);
	pregrada[30] = CreateDynamicObjectEx(18981, 1227.51892, -2071.62427, 57.53676,   18.00000, 0.00000, 90.00000, 600.0, 600.0);
	pregrada[31] = CreateDynamicObjectEx(18981, 1225.43115, -2071.65210, 58.17580,   18.00000, 0.00000, 90.00000, 600.0, 600.0);
	pregrada[32] = CreateDynamicObjectEx(18766, 1211.39685, -2071.62939, 68.87489,   0.00000, 90.00000, 180.00000, 600.0, 600.0);
	pregrada[33] = CreateDynamicObjectEx(18766, 1215.13037, -2071.65039, 68.87489,   0.00000, 90.00000, 180.00000, 600.0, 600.0);
	pregrada[33] = CreateDynamicObjectEx(18766, 1240.83362, -2071.66577, 58.04440,   0.00000, 90.00000, 180.00000, 600.0, 600.0);
	for(new i = 0; i < sizeof(pregrada); i++)
	{
         SetDynamicObjectMaterial(pregrada[i], 0, 8399, "vgs_shops", "vgsclubwall05_128", 0xFFFFFFFF);
	}
	
	new prozori[4];
	prozori[0] = CreateDynamicObjectEx(19454, 1123.28418, -2064.08618, 71.92190,   0.00000, 0.00000, 0.00000, 600.0, 600.0);
	prozori[1] = CreateDynamicObjectEx(19454, 1123.27283, -2053.09326, 71.92190,   0.00000, 0.00000, 0.00000, 600.0, 600.0);
	prozori[2] = CreateDynamicObjectEx(19454, 1123.30127, -2021.03943, 71.92190,   0.00000, 0.00000, 0.00000, 600.0, 600.0);
	prozori[3] = CreateDynamicObjectEx(19454, 1123.26770, -2010.35950, 71.92190,   0.00000, 0.00000, 0.00000, 600.0, 600.0);
	for(new i = 0; i < sizeof(prozori); i++)
	{
         SetDynamicObjectMaterial(prozori[i], 0, 5870, "sunst18_lawn", "bookwindowshigh", 0xFFFFFFFF);
	}

	
	
	
	new krugovi[3];
	krugovi[0] = CreateDynamicObjectEx(3438, 1226.17578, -2037.13037, 64.26771,   0.00000, 0.00000, 0.00000, 600.0, 600.0);
	krugovi[1] = CreateDynamicObjectEx(3438, 1237.81262, -2036.87988, 60.98938,   0.00000, 0.00000, 0.00000, 600.0, 600.0);
	krugovi[2] = CreateDynamicObjectEx(3438, 1213.24121, -2037.12708, 67.75748,   0.00000, 0.00000, 0.00000, 600.0, 600.0);
	for(new i = 0; i < sizeof(krugovi); i++)
	{
          SetDynamicObjectMaterial(krugovi[i], 0, 2361, "shopping_freezers", "white", 0xFFFAFAFA);
	}
	
	
	

	CreateDynamicObjectEx(1215, 1164.34680, -2033.50879, 68.28290,   0.00000, 0.00000, 0.00000, 600.0, 600.0);
	CreateDynamicObjectEx(1215, 1164.51794, -2040.39124, 68.28290,   0.00000, 0.00000, 0.00000, 600.0, 600.0);
	CreateDynamicObjectEx(1215, 1170.07227, -2027.61975, 68.28290,   0.00000, 0.00000, 0.00000, 600.0, 600.0);
	CreateDynamicObjectEx(1215, 1169.96606, -2046.35901, 68.28290,   0.00000, 0.00000, 0.00000, 600.0, 600.0);
	CreateDynamicObjectEx(1215, 1159.61707, -2007.42603, 68.28290,   0.00000, 0.00000, 0.00000, 600.0, 600.0);
	CreateDynamicObjectEx(1215, 1145.19604, -2007.40454, 68.28290,   0.00000, 0.00000, 0.00000, 600.0, 600.0);
	CreateDynamicObjectEx(1215, 1189.41418, -2007.42932, 68.28290,   0.00000, 0.00000, 0.00000, 600.0, 600.0);
	CreateDynamicObjectEx(1215, 1202.79993, -2007.39026, 68.28290,   0.00000, 0.00000, 0.00000, 600.0, 600.0);
	CreateDynamicObjectEx(1215, 1189.34448, -2003.24695, 68.28290,   0.00000, 0.00000, 0.00000, 600.0, 600.0);
	CreateDynamicObjectEx(1215, 1159.94580, -2003.12524, 68.28290,   0.00000, 0.00000, 0.00000, 600.0, 600.0);
	CreateDynamicObjectEx(1215, 1144.89746, -2003.10522, 68.28290,   0.00000, 0.00000, 0.00000, 600.0, 600.0);
	CreateDynamicObjectEx(1215, 1160.45239, -2066.37964, 68.28290,   0.00000, 0.00000, 0.00000, 600.0, 600.0);
	CreateDynamicObjectEx(1215, 1146.35120, -2066.57642, 68.28290,   0.00000, 0.00000, 0.00000, 600.0, 600.0);
	CreateDynamicObjectEx(1231, 1175.16504, -2057.30127, 70.64312,   0.00000, 0.00000, 0.00000, 600.0, 600.0);
	CreateDynamicObjectEx(1231, 1175.12158, -2018.80249, 70.64312,   0.00000, 0.00000, 0.00000, 600.0, 600.0);
	CreateDynamicObjectEx(1231, 1151.14905, -2036.95569, 70.64310,   0.00000, 0.00000, 90.00000, 600.0, 600.0);
	CreateDynamicObjectEx(1231, 1198.01038, -2036.87964, 70.64310,   0.00000, 0.00000, 90.00000, 600.0, 600.0);
	CreateDynamicObjectEx(844, 1185.27478, -2052.74268, 68.92522,   0.00000, 0.00000, 0.00000, 600.0, 600.0);
	CreateDynamicObjectEx(845, 1159.87683, -2060.95166, 68.36360,   0.00000, 0.00000, 0.00000, 600.0, 600.0);
	CreateDynamicObjectEx(846, 1145.03186, -2046.42944, 68.53020,   0.00000, 0.00000, 121.00000, 600.0, 600.0);
	CreateDynamicObjectEx(822, 1186.07349, -2052.38647, 68.00121,   0.00000, 0.00000, 0.00000, 600.0, 600.0);
	CreateDynamicObjectEx(822, 1196.95251, -2061.43604, 68.00121,   0.00000, 0.00000, 0.00000, 600.0, 600.0);
	CreateDynamicObjectEx(822, 1164.47998, -2012.08789, 68.00121,   0.00000, 0.00000, 0.00000, 600.0, 600.0);
	CreateDynamicObjectEx(822, 1145.06641, -2026.55090, 68.00121,   0.00000, 0.00000, 0.00000, 600.0, 600.0);
	CreateDynamicObjectEx(822, 1163.29944, -2059.16260, 68.00121,   0.00000, 0.00000, 0.00000, 600.0, 600.0);
	CreateDynamicObjectEx(822, 1144.88733, -2045.72461, 68.00121,   0.00000, 0.00000, 0.00000, 600.0, 600.0);
	CreateDynamicObjectEx(758, 1188.08679, -2028.27942, 67.99873,   0.00000, 0.00000, 0.00000, 600.0, 600.0);
	CreateDynamicObjectEx(758, 1204.94995, -2013.67542, 68.02670,   0.00000, 0.00000, 0.00000, 600.0, 600.0);
	CreateDynamicObjectEx(822, 1187.45667, -2027.62854, 68.00121,   0.00000, 0.00000, 0.00000, 600.0, 600.0);
	CreateDynamicObjectEx(822, 1203.93115, -2013.82007, 68.00121,   0.00000, 0.00000, 0.00000, 600.0, 600.0);
	CreateDynamicObjectEx(844, 1186.46802, -2014.25061, 68.92522,   0.00000, 0.00000, 0.00000, 600.0, 600.0);
	CreateDynamicObjectEx(846, 1185.97827, -2014.60168, 68.53020,   0.00000, 0.00000, 121.00000, 600.0, 600.0);
	CreateDynamicObjectEx(1215, 1183.48303, -2014.55884, 68.34000,   0.00000, 0.00000, 0.00000, 600.0, 600.0);
	CreateDynamicObjectEx(1215, 1189.43701, -2014.22388, 68.34000,   0.00000, 0.00000, 0.00000, 600.0, 600.0);
	CreateDynamicObjectEx(3515, 1187.69885, -2028.28564, 67.10480,   0.00000, 0.00000, 0.00000, 600.0, 600.0);
	CreateDynamicObjectEx(3515, 1204.36218, -2013.64319, 67.10480,   0.00000, 0.00000, 0.00000, 600.0, 600.0);
	CreateDynamicObjectEx(3515, 1165.02002, -2012.84497, 67.57854,   0.00000, 0.00000, 0.00000, 600.0, 600.0);
	CreateDynamicObjectEx(3515, 1144.24463, -2027.08862, 67.57854,   0.00000, 0.00000, 0.00000, 600.0, 600.0);
	CreateDynamicObjectEx(3515, 1126.84277, -2022.44067, 67.57850,   -12.00000, 0.00000, 0.00000, 600.0, 600.0);
	CreateDynamicObjectEx(3515, 1126.93079, -2014.43506, 67.57850,   12.00000, 0.00000, 0.00000, 600.0, 600.0);
	CreateDynamicObjectEx(822, 1126.95325, -2017.59436, 68.00121,   0.00000, 0.00000, 0.00000, 600.0, 600.0);
	CreateDynamicObjectEx(3515, 1126.48706, -2060.22656, 67.57850,   -12.00000, 0.00000, 0.00000, 600.0, 600.0);
	CreateDynamicObjectEx(3515, 1126.59009, -2051.71338, 67.57850,   12.00000, 0.00000, 0.00000, 600.0, 600.0);
	CreateDynamicObjectEx(822, 1126.65930, -2055.28564, 68.00121,   0.00000, 0.00000, 0.00000, 600.0, 600.0);
	CreateDynamicObjectEx(1215, 1174.97998, -2036.97314, 76.16270,   0.00000, 0.00000, 0.00000, 600.0, 600.0);
	CreateDynamicObjectEx(835, 1182.07690, -2075.23120, 70.32800,   0.00000, 0.00000, 0.00000, 600.0, 600.0);
	CreateDynamicObjectEx(727, 1192.83789, -2076.21460, 67.99312,   0.00000, 0.00000, 0.00000, 600.0, 600.0);
	CreateDynamicObjectEx(730, 1172.74255, -2074.21899, 67.99719,   0.00000, 0.00000, 0.00000, 600.0, 600.0);
	CreateDynamicObjectEx(732, 1153.33020, -2075.50537, 67.99393,   0.00000, 0.00000, 0.00000, 600.0, 600.0);
	CreateDynamicObjectEx(845, 1160.43237, -2076.51416, 68.36360,   0.00000, 0.00000, 0.00000, 600.0, 600.0);
	CreateDynamicObjectEx(822, 1162.92529, -2075.80688, 68.00121,   0.00000, 0.00000, 0.00000, 600.0, 600.0);
	CreateDynamicObjectEx(822, 1141.64832, -2075.25073, 68.00121,   0.00000, 0.00000, 0.00000, 600.0, 600.0);
	CreateDynamicObjectEx(758, 1144.51050, -2076.75732, 67.99873,   0.00000, 0.00000, 0.00000, 600.0, 600.0);
	CreateDynamicObjectEx(758, 1141.72888, -2075.34570, 67.99873,   0.00000, 0.00000, 0.00000, 600.0, 600.0);
	CreateDynamicObjectEx(822, 1182.29724, -2074.99194, 68.00121,   0.00000, 0.00000, 0.00000, 600.0, 600.0);
	CreateDynamicObjectEx(822, 1182.29724, -2074.99194, 68.00121,   0.00000, 0.00000, 0.00000, 600.0, 600.0);
	CreateDynamicObjectEx(844, 1153.27258, -1996.99072, 68.92522,   0.00000, 0.00000, 0.00000, 600.0, 600.0);
	CreateDynamicObjectEx(620, 1233.55920, -2059.25049, 58.96952,   0.00000, 0.00000, 0.00000, 600.0, 600.0);
	CreateDynamicObjectEx(620, 1233.05054, -2043.12329, 58.96952,   0.00000, 0.00000, 0.00000, 600.0, 600.0);
	CreateDynamicObjectEx(620, 1232.86963, -2032.13721, 58.96952,   0.00000, 0.00000, 0.00000, 600.0, 600.0);
	CreateDynamicObjectEx(620, 1233.28748, -2012.81250, 58.56348,   0.00000, 0.00000, 0.00000, 600.0, 600.0);
	CreateDynamicObjectEx(1215, 1232.52441, -2049.71313, 61.18443,   0.00000, 0.00000, 0.00000, 600.0, 600.0);
	CreateDynamicObjectEx(1215, 1232.65881, -2022.65320, 61.18443,   0.00000, 0.00000, 0.00000, 600.0, 600.0);
	CreateDynamicObjectEx(1215, 1193.36499, -2044.86938, 68.28290,   0.00000, 0.00000, 0.00000, 600.0, 600.0);
	CreateDynamicObjectEx(1215, 1206.67639, -2050.53735, 68.28290,   0.00000, 0.00000, 0.00000, 600.0, 600.0);
	CreateDynamicObjectEx(1215, 1188.81421, -2066.36475, 68.28290,   0.00000, 0.00000, 0.00000, 600.0, 600.0);
	CreateDynamicObjectEx(1215, 1204.55725, -2022.58057, 68.28290,   0.00000, 0.00000, 0.00000, 600.0, 600.0);
	CreateDynamicObjectEx(1215, 1199.97058, -2029.45520, 68.28290,   0.00000, 0.00000, 0.00000, 600.0, 600.0);
	CreateDynamicObjectEx(1215, 1163.87805, -2025.02295, 68.28290,   0.00000, 0.00000, 0.00000, 600.0, 600.0);
	CreateDynamicObjectEx(1215, 1158.99622, -2017.36633, 68.28290,   0.00000, 0.00000, 0.00000, 600.0, 600.0);
	CreateDynamicObjectEx(3749, 1286.77258, -2056.54517, 63.41903,   0.00000, 0.00000, 90.00000, 600.0, 600.0);
	CreateDynamicObjectEx(19912, 1286.99500, -2050.80615, 60.46126,   0.00000, 0.00000, 90.00000, 600.0, 600.0);
	CreateDynamicObjectEx(1215, 1242.76526, -2032.68652, 59.24140,   0.00000, 0.00000, 0.00000, 600.0, 600.0);
	CreateDynamicObjectEx(1215, 1242.76294, -2022.24756, 59.24140,   0.00000, 0.00000, 0.00000, 600.0, 600.0);
	CreateDynamicObjectEx(1215, 1253.70471, -2007.07300, 59.13525,   0.00000, 0.00000, 0.00000, 600.0, 600.0);
	CreateDynamicObjectEx(1215, 1264.90430, -2007.17395, 58.81590,   0.00000, 0.00000, 0.00000, 600.0, 600.0);
	CreateDynamicObjectEx(1215, 1253.99182, -2045.88489, 59.01987,   0.00000, 0.00000, 0.00000, 600.0, 600.0);
	CreateDynamicObjectEx(1215, 1274.04797, -2046.37000, 58.38682,   0.00000, 0.00000, 0.00000, 600.0, 600.0);
